1393572093620018	00000001	SAVENEW	Class_QMA(28)2(29)					
1393583234756317	00000002	SAVE	Class_QMA(28)2(29)					
1393583402508321	00000003	SAVE	Class_QMA(28)2(29)					
1393583421824322	00000004	SAVE	Class_QMA(28)2(29)					
1393583460232323	00000005	SAVE	Class_QMA(28)2(29)					
1393583470648323	00000006	SAVE	Class_QMA(28)2(29)					
1393583476856323	00000007	SAVE	Class_QMA(28)2(29)					
1393583505812324	00000008	SAVE	Class_QMA(28)2(29)					
1393583523184324	00000009	SAVE	Class_QMA(28)2(29)					
1393583540700325	00000010	SAVE	Class_QMA(28)2(29)					
