1393572093784018	00000001	SAVENEW	Class_RG(28)2(29)					
1393583234884317	00000002	SAVE	Class_RG(28)2(29)					
1393583402640321	00000003	SAVE	Class_RG(28)2(29)					
1393583421948322	00000004	SAVE	Class_RG(28)2(29)					
1393583460360323	00000005	SAVE	Class_RG(28)2(29)					
1393583470772323	00000006	SAVE	Class_RG(28)2(29)					
1393583476988323	00000007	SAVE	Class_RG(28)2(29)					
1393583505944324	00000008	SAVE	Class_RG(28)2(29)					
1393583523312324	00000009	SAVE	Class_RG(28)2(29)					
1393583540832325	00000010	SAVE	Class_RG(28)2(29)					
