1393589688588490	00000001	SAVENEW	Class_RG(28)1(29)					
1393589841156494	00000002	SAVE	Class_RG(28)1(29)					
1393629143292009	00000003	SAVE	Class_RG(28)1(29)					
1393629185544010	00000004	SAVE	Class_RG(28)1(29)					
1393629209144010	00000005	SAVE	Class_RG(28)1(29)					
1393629331216014	00000006	SAVE	Class_RG(28)1(29)					
1393635333696174	00000007	SAVE	Class_RG(28)1(29)					
1393635379152176	00000008	SAVE	Class_RG(28)1(29)					
1393635763604186	00000009	SAVE	Class_RG(28)1(29)					
1393635882956189	00000010	SAVE	Class_RG(28)1(29)					
1393635947668191	00000011	SAVE	Class_RG(28)1(29)					
1393636169052197	00000012	SAVE	Class_RG(28)1(29)					
1393636236980198	00000013	SAVE	Class_RG(28)1(29)					
1393637216420225	00000014	SAVE	Class_RG(28)1(29)					
1393637354256228	00000015	SAVE	Class_RG(28)1(29)					
1393637595224235	00000016	SAVE	Class_RG(28)1(29)					
1393637862700242	00000017	SAVE	Class_RG(28)1(29)					
