1393589688536490	00000001	SAVENEW	Class_QRG(28)2(29)					
1393589841112494	00000002	SAVE	Class_QRG(28)2(29)					
1393629143252009	00000003	SAVE	Class_QRG(28)2(29)					
1393629185500010	00000004	SAVE	Class_QRG(28)2(29)					
1393629209100010	00000005	SAVE	Class_QRG(28)2(29)					
1393629331176014	00000006	SAVE	Class_QRG(28)2(29)					
1393635333652174	00000007	SAVE	Class_QRG(28)2(29)					
1393635379112176	00000008	SAVE	Class_QRG(28)2(29)					
1393635763560186	00000009	SAVE	Class_QRG(28)2(29)					
1393635882916189	00000010	SAVE	Class_QRG(28)2(29)					
1393635947628191	00000011	SAVE	Class_QRG(28)2(29)					
1393636169004197	00000012	SAVE	Class_QRG(28)2(29)					
1393636236940199	00000013	SAVE	Class_QRG(28)2(29)					
1393637216376225	00000014	SAVE	Class_QRG(28)2(29)					
1393637354216228	00000015	SAVE	Class_QRG(28)2(29)					
1393637595184235	00000016	SAVE	Class_QRG(28)2(29)					
1393637862656242	00000017	SAVE	Class_QRG(28)2(29)					
