1393572093720018	00000001	SAVENEW	Class_QRG(28)1(29)					
1393583234836317	00000002	SAVE	Class_QRG(28)1(29)					
1393583402588321	00000003	SAVE	Class_QRG(28)1(29)					
1393583421900322	00000004	SAVE	Class_QRG(28)1(29)					
1393583460308323	00000005	SAVE	Class_QRG(28)1(29)					
1393583470724323	00000006	SAVE	Class_QRG(28)1(29)					
1393583476936323	00000007	SAVE	Class_QRG(28)1(29)					
1393583505892324	00000008	SAVE	Class_QRG(28)1(29)					
1393583523260325	00000009	SAVE	Class_QRG(28)1(29)					
1393583540780325	00000010	SAVE	Class_QRG(28)1(29)					
1393583933328335	00000011	SAVE	Class_QRG(28)1(29)					
1393584651368355	00000012	SAVE	Class_QRG(28)1(29)					
1393584762388358	00000013	SAVE	Class_QRG(28)1(29)					
1393584800684359	00000014	SAVE	Class_QRG(28)1(29)					
1393584901704361	00000015	SAVE	Class_QRG(28)1(29)					
1393584908484362	00000016	SAVE	Class_QRG(28)1(29)					
1393585049680365	00000017	SAVE	Class_QRG(28)1(29)					
1393585062756366	00000018	SAVE	Class_QRG(28)1(29)					
1393585076068366	00000019	SAVE	Class_QRG(28)1(29)					
1393585099288367	00000020	SAVE	Class_QRG(28)1(29)					
1393585149640368	00000021	SAVE	Class_QRG(28)1(29)					
1393585164840368	00000022	SAVE	Class_QRG(28)1(29)					
1393585237104370	00000023	SAVE	Class_QRG(28)1(29)					
1393585340108373	00000024	SAVE	Class_QRG(28)1(29)					
1393585672060382	00000025	SAVE	Class_QRG(28)1(29)					
1393585811256386	00000026	SAVE	Class_QRG(28)1(29)					
1393585841264387	00000027	SAVE	Class_QRG(28)1(29)					
1393585905628388	00000028	SAVE	Class_QRG(28)1(29)					
1393586081084393	00000029	SAVE	Class_QRG(28)1(29)					
1393586406500402	00000030	SAVE	Class_QRG(28)1(29)					
